TF_f1m =    2.3884
TF_f1s =  2.4478e+03

TF_f2m =    1.4495
TF_f2s =   1.3139e+03

TF_f3m =    1.5505
TF_f3s =   2.6977e+03